{
 "cells": [
  {
   "cell_type": "markdown",
   "metadata": {},
   "source": [
    "# Programming Homework 1\n",
    "## Instructions\n",
    "- Do not import other libraries. You are only allowed to use Math,\n",
    "Numpy, Scipy packages which are already imported in the file.\n",
    "- Please follow the type annotations. There are some type annotations of the parameters of function calls and return values. Please use\n",
    "Python 3.5 or 3.6 (for full support for typing annotations). You can\n",
    "use Numpy/Scipy inside the function.  You have to make\n",
    "the functions’ return values converted to the required type.\n",
    "- In this programming assignment you will to implement **Linear Regression**, **K-Nearest Neighbours* and *Perceptron algorithm**. We provide the bootstrap code and you are expected to complete the **classes** and **functions**."
   ]
  },
  {
   "cell_type": "markdown",
   "metadata": {},
   "source": [
    "# Problem 1: Linear Regression"
   ]
  },
  {
   "cell_type": "markdown",
   "metadata": {},
   "source": [
    "## Part 1.1 Implementation"
   ]
  },
  {
   "cell_type": "markdown",
   "metadata": {},
   "source": [
    "**Implement** the classes in file *hw1_lr.py*.\n",
    "\n",
    "    - LinearRegression\n",
    "    - LinearRegressionWithL2Loss\n",
    "   \n",
    "and the function in file *utils.py*:\n",
    "    \n",
    "    - mean_squared_error\n",
    "\n",
    "For linear regression with l2 loss (a.k.a. Ridge loss), here are two useful links: \n",
    "\n",
    "- [a tutorial blog](https://goo.gl/iTX39z)\n",
    "- [a lecture slide](http://www.stat.cmu.edu/~ryantibs/datamining/lectures/16-modr1.pdf)."
   ]
  },
  {
   "cell_type": "code",
   "execution_count": 2,
   "metadata": {},
   "outputs": [],
   "source": [
    "# for auto-reloading external modules\n",
    "# see http://stackoverflow.com/questions/1907993/autoreload-of-modules-in-ipython\n",
    "%load_ext autoreload\n",
    "%autoreload 2\n",
    "from hw1_lr import LinearRegression, LinearRegressionWithL2Loss\n",
    "from utils import mean_squared_error\n",
    "\n",
    "\n",
    "import matplotlib.pyplot as plt"
   ]
  },
  {
   "cell_type": "markdown",
   "metadata": {},
   "source": [
    "## Part 1.2 Sanity test\n",
    "\n",
    "Do the following steps, as a simple test to check your model works correctly.\n",
    "\n",
    "- Load data (features and values) from function `generate_data_part_1`.\n",
    "- Create a LinearRegression model.\n",
    "- Train the model using the loaded data.\n",
    "- Calculate the MSE metric by your implementation of the mean squared error function.\n"
   ]
  },
  {
   "cell_type": "code",
   "execution_count": 3,
   "metadata": {
    "collapsed": true
   },
   "outputs": [],
   "source": [
    "from data import generate_data_part_1\n",
    "features, values = generate_data_part_1()"
   ]
  },
  {
   "cell_type": "code",
   "execution_count": 4,
   "metadata": {
    "scrolled": false
   },
   "outputs": [
    {
     "name": "stdout",
     "output_type": "stream",
     "text": [
      "\n",
      "\n",
      "[part 1.2]\tmse: 0.00175\n"
     ]
    }
   ],
   "source": [
    "model = LinearRegression(nb_features=1)\n",
    "model.train(features, values)\n",
    "\n",
    "mse = mean_squared_error(values, model.predict(features))\n",
    "print('[part 1.2]\\tmse: {mse:.5f}'.format(mse=mse))"
   ]
  },
  {
   "cell_type": "code",
   "execution_count": 5,
   "metadata": {},
   "outputs": [
    {
     "data": {
      "text/plain": [
       "<matplotlib.legend.Legend at 0x27303afaef0>"
      ]
     },
     "execution_count": 5,
     "metadata": {},
     "output_type": "execute_result"
    }
   ],
   "source": [
    "plt.scatter([x[0] for x in features], values, label='origin');\n",
    "plt.plot([x[0] for x in features], model.predict(features), label='predicted');\n",
    "plt.legend()"
   ]
  },
  {
   "cell_type": "markdown",
   "metadata": {},
   "source": [
    "## Part 1.3 Feature Engineering\n",
    "In this part, we are following the same procedure as that in part \n",
    "\n",
    "a). First we will try the same process as above.\n",
    "We will try two cases : \n",
    "- No extra features\n",
    "- Adding polynomial features"
   ]
  },
  {
   "cell_type": "markdown",
   "metadata": {},
   "source": [
    "### Part 1.3.1 No extra features"
   ]
  },
  {
   "cell_type": "code",
   "execution_count": 6,
   "metadata": {
    "collapsed": true
   },
   "outputs": [],
   "source": [
    "from data import generate_data_part_2\n",
    "features, values = generate_data_part_2()"
   ]
  },
  {
   "cell_type": "code",
   "execution_count": 7,
   "metadata": {},
   "outputs": [
    {
     "name": "stdout",
     "output_type": "stream",
     "text": [
      "\n",
      "\n",
      "[part 1.3.1]\tmse: 0.39997\n"
     ]
    }
   ],
   "source": [
    "model = LinearRegression(nb_features=1)\n",
    "model.train(features, values)\n",
    "\n",
    "mse = mean_squared_error(values, model.predict(features))\n",
    "print('[part 1.3.1]\\tmse: {mse:.5f}'.format(mse=mse))"
   ]
  },
  {
   "cell_type": "code",
   "execution_count": 8,
   "metadata": {},
   "outputs": [
    {
     "data": {
      "text/plain": [
       "<matplotlib.legend.Legend at 0x27303afae10>"
      ]
     },
     "execution_count": 8,
     "metadata": {},
     "output_type": "execute_result"
    }
   ],
   "source": [
    "plt.scatter([x[0] for x in features], values, label='origin');\n",
    "plt.plot([x[0] for x in features], model.predict(features), label='predicted');\n",
    "plt.legend()"
   ]
  },
  {
   "cell_type": "markdown",
   "metadata": {},
   "source": [
    "###  Part 1.3.2 Adding polynomial features\n",
    "\n",
    "Note that in that synthetic dataset, the value is actually not linear with the feature (it is exponential). Inspired by Taylor expansion, we are going to add some polynomial features based on existing features.\n",
    "More specifically, support \n",
    "$${\\vec {x}} = [x_1, ..., x_n]$$\n",
    "is the feature vector of one sample (whose value is $y$). Instead of modeling the relationship between $\\vec{x}$ and $y$, we modeling the relationship of $y$ and $\\vec{x'}$, where (suppose we are adding up to $k$-th degree polynomials)\n",
    "\n",
    "$${\\vec {x'}}_k = [x_1 , x_2 , ..., x_n , x_{21} , ..., x_{2n}, ..., x_{k1}, ..., x_{kn} ]. $$\n",
    "\n",
    "Repeat the 5 steps, then report the MSE value on training set and model weights for the following three cases: $k = 2, k = 4, k = 8$ (for all numbers, keep 6 digits after the decimal point). \n",
    "\n",
    "### !!! Make sure that features’s polynomials follow the order in the above equation."
   ]
  },
  {
   "cell_type": "code",
   "execution_count": 9,
   "metadata": {},
   "outputs": [
    {
     "name": "stdout",
     "output_type": "stream",
     "text": [
      "\n",
      "\n",
      "[part 1.3.2]\tk: 2\tmse: 0.02315\n",
      "\n",
      "\n",
      "[part 1.3.2]\tk: 4\tmse: 0.00002\n",
      "\n",
      "\n",
      "[part 1.3.2]\tk: 8\tmse: 0.00000\n"
     ]
    },
    {
     "data": {
      "text/plain": [
       "<matplotlib.legend.Legend at 0x273042d15c0>"
      ]
     },
     "execution_count": 9,
     "metadata": {},
     "output_type": "execute_result"
    }
   ],
   "source": [
    "from utils import polynomial_features\n",
    "features, values = generate_data_part_2()\n",
    "plt.scatter([x[0] for x in features], values, label='origin');\n",
    "\n",
    "for k in [2, 4, 8]:\n",
    "    features_extended = polynomial_features(features, k)\n",
    "    model = LinearRegression(nb_features=k)\n",
    "    model.train(features_extended, values)\n",
    "    mse = mean_squared_error(values, model.predict(features_extended))\n",
    "    print('[part 1.3.2]\\tk: {k:d}\\tmse: {mse:.5f}'.format(k=k, mse=mse))\n",
    "    plt.plot([x[0] for x in features], model.predict(features_extended), label='k={k}'.format(k=k));\n",
    "plt.legend()"
   ]
  },
  {
   "cell_type": "markdown",
   "metadata": {},
   "source": [
    "## Part 1.4 Train, validation, test\n",
    "\n",
    "### Data processing \n",
    "\n",
    "Do the following steps:\n",
    "\n",
    "- Load data (features and values) from function generate data part 3. It’s a classification dataset, but we just use it as a regression dataset in this assignment.\n",
    "- Check that there are 150 data samples and each sample have a feature vector of length 4.\n",
    "- Split the whole data set into three parts:\n",
    "    - the train set contains first 100 samples (0th - 99th samples),\n",
    "    - the validation set contains the next 20 samples (100th - 119th samples),\n",
    "    - the test set contains the rest 30 samples (120th - 149th samples)."
   ]
  },
  {
   "cell_type": "code",
   "execution_count": 10,
   "metadata": {
    "collapsed": true
   },
   "outputs": [],
   "source": [
    "from data import generate_data_part_3\n",
    "features, values = generate_data_part_3()\n",
    "\n",
    "train_features, train_values = features[:100], values[:100]\n",
    "valid_features, valid_values = features[100:120], values[100:120]\n",
    "test_features, test_values = features[120:], values[120:]\n",
    "\n",
    "assert len(train_features) == len(train_values) == 100\n",
    "assert len(valid_features) == len(valid_values) == 20\n",
    "assert len(test_features) == len(test_values) == 30"
   ]
  },
  {
   "cell_type": "markdown",
   "metadata": {},
   "source": [
    "### Part 1.4.1 LinearRegression"
   ]
  },
  {
   "cell_type": "markdown",
   "metadata": {},
   "source": [
    "### Hyper-parameter and model selection \n",
    "\n",
    "For linear regression model with extra polynomial features, $k$ is a hyper-parameter. \n",
    "To choose the best one, we have to \n",
    "\n",
    "    - train a model with that hyper-parameter based on the train set, \n",
    "    - calculate its performance on the validation set\n",
    "    - select the best hyper-parameter (the trained model has the best performance on validation set). \n",
    "    \n",
    "In this task, we only search $k$ among the set {1, 3, 10}. "
   ]
  },
  {
   "cell_type": "code",
   "execution_count": 11,
   "metadata": {},
   "outputs": [
    {
     "name": "stdout",
     "output_type": "stream",
     "text": [
      "\n",
      "\n",
      "[part 1.4.1]\tk: 1\ttrain mse: 0.00909\tvalid mse: 0.00909\n",
      "\n",
      "\n",
      "[part 1.4.1]\tk: 3\ttrain mse: 0.00261\tvalid mse: 0.00261\n",
      "\n",
      "\n",
      "[part 1.4.1]\tk: 10\ttrain mse: 0.65346\tvalid mse: 0.65346\n"
     ]
    }
   ],
   "source": [
    "best_mse, best_k = 1e10, -1\n",
    "for k in [1, 3, 10]:\n",
    "    train_features_extended = polynomial_features(train_features, k)\n",
    "    model = LinearRegression(nb_features=k)\n",
    "    model.train(train_features_extended, train_values)\n",
    "    train_mse = mean_squared_error(train_values, model.predict(train_features_extended))\n",
    "\n",
    "    valid_features_extended = polynomial_features(valid_features, k)\n",
    "    valid_mse = mean_squared_error(valid_values, model.predict(valid_features_extended))\n",
    "    print('[part 1.4.1]\\tk: {k:d}\\t'.format(k=k) + \n",
    "          'train mse: {train_mse:.5f}\\tvalid mse: {valid_mse:.5f}'.format(\n",
    "              train_mse=train_mse, valid_mse=train_mse))\n",
    "\n",
    "    if valid_mse < best_mse:\n",
    "        best_mse, best_k = valid_mse, k"
   ]
  },
  {
   "cell_type": "code",
   "execution_count": 12,
   "metadata": {},
   "outputs": [
    {
     "name": "stdout",
     "output_type": "stream",
     "text": [
      "\n",
      "\n",
      "[part 1.4.1 Linear Regression]\tbest_k: 1\ttest mse: 0.08778\n"
     ]
    }
   ],
   "source": [
    "combined_features_extended = polynomial_features(train_features + test_features, best_k)\n",
    "model = LinearRegression(nb_features=best_k)\n",
    "model.train(combined_features_extended, train_values + test_values)\n",
    "\n",
    "test_features_extended = polynomial_features(test_features, best_k)\n",
    "test_mse = mean_squared_error(test_values, model.predict(test_features_extended))\n",
    "print('[part 1.4.1 Linear Regression]\\tbest_k: {best_k:d}\\ttest mse: {test_mse:.5f}'.format(\n",
    "    best_k=best_k, test_mse=test_mse))"
   ]
  },
  {
   "cell_type": "markdown",
   "metadata": {},
   "source": [
    "### Part 1.4.2 Linear Regression With L2 Loss (Ridge Regression)"
   ]
  },
  {
   "cell_type": "markdown",
   "metadata": {},
   "source": [
    "For Ridge (linear regression with l2 loss) Regression, we still need to search $k$ among {1, 3, 10}.\n",
    "$\\alpha$ is also a hyper-parameter, in this task, we search $\\alpha$ among the set {0.01, 0.1, 1, 10}."
   ]
  },
  {
   "cell_type": "code",
   "execution_count": 18,
   "metadata": {},
   "outputs": [
    {
     "name": "stdout",
     "output_type": "stream",
     "text": [
      "\n",
      "\n",
      "5\n",
      "[[  100.     547.1    309.4    286.2     78.5 ]\n",
      " [  547.1   3033.95  1686.75  1640.56   457.88]\n",
      " [  309.4   1686.75   979.72   844.83   227.93]\n",
      " [  286.2   1640.56   844.83  1026.84   304.16]\n",
      " [   78.5    457.88   227.93   304.16    93.37]]\n",
      "[part 1.4.2]\tk: 1\talpha: 0.01\ttrain mse: 4811.43475\tvalid mse: 20093.55720\n",
      "\n",
      "\n",
      "5\n",
      "[[  100.     547.1    309.4    286.2     78.5 ]\n",
      " [  547.1   3033.95  1686.75  1640.56   457.88]\n",
      " [  309.4   1686.75   979.72   844.83   227.93]\n",
      " [  286.2   1640.56   844.83  1026.84   304.16]\n",
      " [   78.5    457.88   227.93   304.16    93.37]]\n",
      "[part 1.4.2]\tk: 1\talpha: 0.1\ttrain mse: 39.77294\tvalid mse: 153.35388\n",
      "\n",
      "\n",
      "5\n",
      "[[  100.     547.1    309.4    286.2     78.5 ]\n",
      " [  547.1   3033.95  1686.75  1640.56   457.88]\n",
      " [  309.4   1686.75   979.72   844.83   227.93]\n",
      " [  286.2   1640.56   844.83  1026.84   304.16]\n",
      " [   78.5    457.88   227.93   304.16    93.37]]\n",
      "[part 1.4.2]\tk: 1\talpha: 1\ttrain mse: 0.00909\tvalid mse: 0.33937\n",
      "\n",
      "\n",
      "5\n",
      "[[  100.     547.1    309.4    286.2     78.5 ]\n",
      " [  547.1   3033.95  1686.75  1640.56   457.88]\n",
      " [  309.4   1686.75   979.72   844.83   227.93]\n",
      " [  286.2   1640.56   844.83  1026.84   304.16]\n",
      " [   78.5    457.88   227.93   304.16    93.37]]\n",
      "[part 1.4.2]\tk: 1\talpha: 10\ttrain mse: 0.40673\tvalid mse: 3.44798\n",
      "\n",
      "\n",
      "13\n",
      "[[  1.00000000e+02   5.47100000e+02   3.09400000e+02   2.86200000e+02\n",
      "    7.85000000e+01   3.03395000e+03   9.79720000e+02   1.02684000e+03\n",
      "    9.33700000e+01   1.70554490e+04   3.17206600e+03   4.16414400e+03\n",
      "    1.25393000e+02]\n",
      " [  5.47100000e+02   3.03395000e+03   1.68675000e+03   1.64056000e+03\n",
      "    4.57880000e+02   1.70554490e+04   5.32254700e+03   6.07033800e+03\n",
      "    5.58230000e+02   9.71861951e+04   1.71773355e+04   2.50321840e+04\n",
      "    7.56950000e+02]\n",
      " [  3.09400000e+02   1.68675000e+03   9.79720000e+02   8.44830000e+02\n",
      "    2.27930000e+02   9.31874900e+03   3.17206600e+03   2.94959500e+03\n",
      "    2.66501000e+02   5.21828487e+04   1.04916364e+04   1.18492347e+04\n",
      "    3.58732700e+02]\n",
      " [  2.86200000e+02   1.64056000e+03   8.44830000e+02   1.02684000e+03\n",
      "    3.04160000e+02   9.51694400e+03   2.54613300e+03   4.16414400e+03\n",
      "    3.97404000e+02   5.58478624e+04   7.83405150e+03   1.78502424e+04\n",
      "    5.49578600e+02]\n",
      " [  7.85000000e+01   4.57880000e+02   2.27930000e+02   3.04160000e+02\n",
      "    9.33700000e+01   2.69792600e+03   6.74407000e+02   1.27469600e+03\n",
      "    1.25393000e+02   1.60524236e+04   2.03359610e+03   5.53484360e+03\n",
      "    1.75389700e+02]\n",
      " [  3.03395000e+03   1.70554490e+04   9.31874900e+03   9.51694400e+03\n",
      "    2.69792600e+03   9.71861951e+04   2.92913901e+04   3.62195946e+04\n",
      "    3.36286320e+03   5.61230620e+05   9.41736225e+04   1.51615698e+05\n",
      "    4.59993938e+03]\n",
      " [  9.79720000e+02   5.32254700e+03   3.17206600e+03   2.54613300e+03\n",
      "    6.74407000e+02   2.92913901e+04   1.04916364e+04   8.60968770e+03\n",
      "    7.71025900e+02   1.63340972e+05   3.54172035e+04   3.41547555e+04\n",
      "    1.03818577e+03]\n",
      " [  1.02684000e+03   6.07033800e+03   2.94959500e+03   4.16414400e+03\n",
      "    1.27469600e+03   3.62195946e+04   8.60968770e+03   1.78502424e+04\n",
      "    1.73612920e+03   2.18034931e+05   2.55342247e+04   7.85015683e+04\n",
      "    2.44017338e+03]\n",
      " [  9.33700000e+01   5.58230000e+02   2.66501000e+02   3.97404000e+02\n",
      "    1.25393000e+02   3.36286320e+03   7.71025900e+02   1.73612920e+03\n",
      "    1.75389700e+02   2.04081142e+04   2.25995177e+03   7.69596276e+03\n",
      "    2.50884650e+02]\n",
      " [  1.70554490e+04   9.71861951e+04   5.21828487e+04   5.58478624e+04\n",
      "    1.60524236e+04   5.61230620e+05   1.63340972e+05   2.18034931e+05\n",
      "    2.04081142e+04   3.28337430e+06   5.22914746e+05   9.25023388e+05\n",
      "    2.81361164e+04]\n",
      " [  3.17206600e+03   1.71773355e+04   1.04916364e+04   7.83405150e+03\n",
      "    2.03359610e+03   9.41736225e+04   3.54172035e+04   2.55342247e+04\n",
      "    2.25995177e+03   5.22914746e+05   1.21917986e+05   9.96726512e+04\n",
      "    3.03683543e+03]\n",
      " [  4.16414400e+03   2.50321840e+04   1.18492347e+04   1.78502424e+04\n",
      "    5.53484360e+03   1.51615698e+05   3.41547555e+04   7.85015683e+04\n",
      "    7.69596276e+03   9.25023388e+05   9.96726512e+04   3.50063372e+05\n",
      "    1.09370571e+04]\n",
      " [  1.25393000e+02   7.56950000e+02   3.58732700e+02   5.49578600e+02\n",
      "    1.75389700e+02   4.59993938e+03   1.03818577e+03   2.44017338e+03\n",
      "    2.50884650e+02   2.81361164e+04   3.03683543e+03   1.09370571e+04\n",
      "    3.65185417e+02]]\n",
      "[part 1.4.2]\tk: 3\talpha: 0.01\ttrain mse: 4874.88205\tvalid mse: 4761.28512\n",
      "\n",
      "\n",
      "13\n",
      "[[  1.00000000e+02   5.47100000e+02   3.09400000e+02   2.86200000e+02\n",
      "    7.85000000e+01   3.03395000e+03   9.79720000e+02   1.02684000e+03\n",
      "    9.33700000e+01   1.70554490e+04   3.17206600e+03   4.16414400e+03\n",
      "    1.25393000e+02]\n",
      " [  5.47100000e+02   3.03395000e+03   1.68675000e+03   1.64056000e+03\n",
      "    4.57880000e+02   1.70554490e+04   5.32254700e+03   6.07033800e+03\n",
      "    5.58230000e+02   9.71861951e+04   1.71773355e+04   2.50321840e+04\n",
      "    7.56950000e+02]\n",
      " [  3.09400000e+02   1.68675000e+03   9.79720000e+02   8.44830000e+02\n",
      "    2.27930000e+02   9.31874900e+03   3.17206600e+03   2.94959500e+03\n",
      "    2.66501000e+02   5.21828487e+04   1.04916364e+04   1.18492347e+04\n",
      "    3.58732700e+02]\n",
      " [  2.86200000e+02   1.64056000e+03   8.44830000e+02   1.02684000e+03\n",
      "    3.04160000e+02   9.51694400e+03   2.54613300e+03   4.16414400e+03\n",
      "    3.97404000e+02   5.58478624e+04   7.83405150e+03   1.78502424e+04\n",
      "    5.49578600e+02]\n",
      " [  7.85000000e+01   4.57880000e+02   2.27930000e+02   3.04160000e+02\n",
      "    9.33700000e+01   2.69792600e+03   6.74407000e+02   1.27469600e+03\n",
      "    1.25393000e+02   1.60524236e+04   2.03359610e+03   5.53484360e+03\n",
      "    1.75389700e+02]\n",
      " [  3.03395000e+03   1.70554490e+04   9.31874900e+03   9.51694400e+03\n",
      "    2.69792600e+03   9.71861951e+04   2.92913901e+04   3.62195946e+04\n",
      "    3.36286320e+03   5.61230620e+05   9.41736225e+04   1.51615698e+05\n",
      "    4.59993938e+03]\n",
      " [  9.79720000e+02   5.32254700e+03   3.17206600e+03   2.54613300e+03\n",
      "    6.74407000e+02   2.92913901e+04   1.04916364e+04   8.60968770e+03\n",
      "    7.71025900e+02   1.63340972e+05   3.54172035e+04   3.41547555e+04\n",
      "    1.03818577e+03]\n",
      " [  1.02684000e+03   6.07033800e+03   2.94959500e+03   4.16414400e+03\n",
      "    1.27469600e+03   3.62195946e+04   8.60968770e+03   1.78502424e+04\n",
      "    1.73612920e+03   2.18034931e+05   2.55342247e+04   7.85015683e+04\n",
      "    2.44017338e+03]\n",
      " [  9.33700000e+01   5.58230000e+02   2.66501000e+02   3.97404000e+02\n",
      "    1.25393000e+02   3.36286320e+03   7.71025900e+02   1.73612920e+03\n",
      "    1.75389700e+02   2.04081142e+04   2.25995177e+03   7.69596276e+03\n",
      "    2.50884650e+02]\n",
      " [  1.70554490e+04   9.71861951e+04   5.21828487e+04   5.58478624e+04\n",
      "    1.60524236e+04   5.61230620e+05   1.63340972e+05   2.18034931e+05\n",
      "    2.04081142e+04   3.28337430e+06   5.22914746e+05   9.25023388e+05\n",
      "    2.81361164e+04]\n",
      " [  3.17206600e+03   1.71773355e+04   1.04916364e+04   7.83405150e+03\n",
      "    2.03359610e+03   9.41736225e+04   3.54172035e+04   2.55342247e+04\n",
      "    2.25995177e+03   5.22914746e+05   1.21917986e+05   9.96726512e+04\n",
      "    3.03683543e+03]\n",
      " [  4.16414400e+03   2.50321840e+04   1.18492347e+04   1.78502424e+04\n",
      "    5.53484360e+03   1.51615698e+05   3.41547555e+04   7.85015683e+04\n",
      "    7.69596276e+03   9.25023388e+05   9.96726512e+04   3.50063372e+05\n",
      "    1.09370571e+04]\n",
      " [  1.25393000e+02   7.56950000e+02   3.58732700e+02   5.49578600e+02\n",
      "    1.75389700e+02   4.59993938e+03   1.03818577e+03   2.44017338e+03\n",
      "    2.50884650e+02   2.81361164e+04   3.03683543e+03   1.09370571e+04\n",
      "    3.65185417e+02]]\n",
      "[part 1.4.2]\tk: 3\talpha: 0.1\ttrain mse: 40.29087\tvalid mse: 40.79203\n",
      "\n",
      "\n",
      "13\n",
      "[[  1.00000000e+02   5.47100000e+02   3.09400000e+02   2.86200000e+02\n",
      "    7.85000000e+01   3.03395000e+03   9.79720000e+02   1.02684000e+03\n",
      "    9.33700000e+01   1.70554490e+04   3.17206600e+03   4.16414400e+03\n",
      "    1.25393000e+02]\n",
      " [  5.47100000e+02   3.03395000e+03   1.68675000e+03   1.64056000e+03\n",
      "    4.57880000e+02   1.70554490e+04   5.32254700e+03   6.07033800e+03\n",
      "    5.58230000e+02   9.71861951e+04   1.71773355e+04   2.50321840e+04\n",
      "    7.56950000e+02]\n",
      " [  3.09400000e+02   1.68675000e+03   9.79720000e+02   8.44830000e+02\n",
      "    2.27930000e+02   9.31874900e+03   3.17206600e+03   2.94959500e+03\n",
      "    2.66501000e+02   5.21828487e+04   1.04916364e+04   1.18492347e+04\n",
      "    3.58732700e+02]\n",
      " [  2.86200000e+02   1.64056000e+03   8.44830000e+02   1.02684000e+03\n",
      "    3.04160000e+02   9.51694400e+03   2.54613300e+03   4.16414400e+03\n",
      "    3.97404000e+02   5.58478624e+04   7.83405150e+03   1.78502424e+04\n",
      "    5.49578600e+02]\n",
      " [  7.85000000e+01   4.57880000e+02   2.27930000e+02   3.04160000e+02\n",
      "    9.33700000e+01   2.69792600e+03   6.74407000e+02   1.27469600e+03\n",
      "    1.25393000e+02   1.60524236e+04   2.03359610e+03   5.53484360e+03\n",
      "    1.75389700e+02]\n",
      " [  3.03395000e+03   1.70554490e+04   9.31874900e+03   9.51694400e+03\n",
      "    2.69792600e+03   9.71861951e+04   2.92913901e+04   3.62195946e+04\n",
      "    3.36286320e+03   5.61230620e+05   9.41736225e+04   1.51615698e+05\n",
      "    4.59993938e+03]\n",
      " [  9.79720000e+02   5.32254700e+03   3.17206600e+03   2.54613300e+03\n",
      "    6.74407000e+02   2.92913901e+04   1.04916364e+04   8.60968770e+03\n",
      "    7.71025900e+02   1.63340972e+05   3.54172035e+04   3.41547555e+04\n",
      "    1.03818577e+03]\n",
      " [  1.02684000e+03   6.07033800e+03   2.94959500e+03   4.16414400e+03\n",
      "    1.27469600e+03   3.62195946e+04   8.60968770e+03   1.78502424e+04\n",
      "    1.73612920e+03   2.18034931e+05   2.55342247e+04   7.85015683e+04\n",
      "    2.44017338e+03]\n",
      " [  9.33700000e+01   5.58230000e+02   2.66501000e+02   3.97404000e+02\n",
      "    1.25393000e+02   3.36286320e+03   7.71025900e+02   1.73612920e+03\n",
      "    1.75389700e+02   2.04081142e+04   2.25995177e+03   7.69596276e+03\n",
      "    2.50884650e+02]\n",
      " [  1.70554490e+04   9.71861951e+04   5.21828487e+04   5.58478624e+04\n",
      "    1.60524236e+04   5.61230620e+05   1.63340972e+05   2.18034931e+05\n",
      "    2.04081142e+04   3.28337430e+06   5.22914746e+05   9.25023388e+05\n",
      "    2.81361164e+04]\n",
      " [  3.17206600e+03   1.71773355e+04   1.04916364e+04   7.83405150e+03\n",
      "    2.03359610e+03   9.41736225e+04   3.54172035e+04   2.55342247e+04\n",
      "    2.25995177e+03   5.22914746e+05   1.21917986e+05   9.96726512e+04\n",
      "    3.03683543e+03]\n",
      " [  4.16414400e+03   2.50321840e+04   1.18492347e+04   1.78502424e+04\n",
      "    5.53484360e+03   1.51615698e+05   3.41547555e+04   7.85015683e+04\n",
      "    7.69596276e+03   9.25023388e+05   9.96726512e+04   3.50063372e+05\n",
      "    1.09370571e+04]\n",
      " [  1.25393000e+02   7.56950000e+02   3.58732700e+02   5.49578600e+02\n",
      "    1.75389700e+02   4.59993938e+03   1.03818577e+03   2.44017338e+03\n",
      "    2.50884650e+02   2.81361164e+04   3.03683543e+03   1.09370571e+04\n",
      "    3.65185417e+02]]\n",
      "[part 1.4.2]\tk: 3\talpha: 1\ttrain mse: 0.00261\tvalid mse: 3.28984\n",
      "\n",
      "\n",
      "13\n",
      "[[  1.00000000e+02   5.47100000e+02   3.09400000e+02   2.86200000e+02\n",
      "    7.85000000e+01   3.03395000e+03   9.79720000e+02   1.02684000e+03\n",
      "    9.33700000e+01   1.70554490e+04   3.17206600e+03   4.16414400e+03\n",
      "    1.25393000e+02]\n",
      " [  5.47100000e+02   3.03395000e+03   1.68675000e+03   1.64056000e+03\n",
      "    4.57880000e+02   1.70554490e+04   5.32254700e+03   6.07033800e+03\n",
      "    5.58230000e+02   9.71861951e+04   1.71773355e+04   2.50321840e+04\n",
      "    7.56950000e+02]\n",
      " [  3.09400000e+02   1.68675000e+03   9.79720000e+02   8.44830000e+02\n",
      "    2.27930000e+02   9.31874900e+03   3.17206600e+03   2.94959500e+03\n",
      "    2.66501000e+02   5.21828487e+04   1.04916364e+04   1.18492347e+04\n",
      "    3.58732700e+02]\n",
      " [  2.86200000e+02   1.64056000e+03   8.44830000e+02   1.02684000e+03\n",
      "    3.04160000e+02   9.51694400e+03   2.54613300e+03   4.16414400e+03\n",
      "    3.97404000e+02   5.58478624e+04   7.83405150e+03   1.78502424e+04\n",
      "    5.49578600e+02]\n",
      " [  7.85000000e+01   4.57880000e+02   2.27930000e+02   3.04160000e+02\n",
      "    9.33700000e+01   2.69792600e+03   6.74407000e+02   1.27469600e+03\n",
      "    1.25393000e+02   1.60524236e+04   2.03359610e+03   5.53484360e+03\n",
      "    1.75389700e+02]\n",
      " [  3.03395000e+03   1.70554490e+04   9.31874900e+03   9.51694400e+03\n",
      "    2.69792600e+03   9.71861951e+04   2.92913901e+04   3.62195946e+04\n",
      "    3.36286320e+03   5.61230620e+05   9.41736225e+04   1.51615698e+05\n",
      "    4.59993938e+03]\n",
      " [  9.79720000e+02   5.32254700e+03   3.17206600e+03   2.54613300e+03\n",
      "    6.74407000e+02   2.92913901e+04   1.04916364e+04   8.60968770e+03\n",
      "    7.71025900e+02   1.63340972e+05   3.54172035e+04   3.41547555e+04\n",
      "    1.03818577e+03]\n",
      " [  1.02684000e+03   6.07033800e+03   2.94959500e+03   4.16414400e+03\n",
      "    1.27469600e+03   3.62195946e+04   8.60968770e+03   1.78502424e+04\n",
      "    1.73612920e+03   2.18034931e+05   2.55342247e+04   7.85015683e+04\n",
      "    2.44017338e+03]\n",
      " [  9.33700000e+01   5.58230000e+02   2.66501000e+02   3.97404000e+02\n",
      "    1.25393000e+02   3.36286320e+03   7.71025900e+02   1.73612920e+03\n",
      "    1.75389700e+02   2.04081142e+04   2.25995177e+03   7.69596276e+03\n",
      "    2.50884650e+02]\n",
      " [  1.70554490e+04   9.71861951e+04   5.21828487e+04   5.58478624e+04\n",
      "    1.60524236e+04   5.61230620e+05   1.63340972e+05   2.18034931e+05\n",
      "    2.04081142e+04   3.28337430e+06   5.22914746e+05   9.25023388e+05\n",
      "    2.81361164e+04]\n",
      " [  3.17206600e+03   1.71773355e+04   1.04916364e+04   7.83405150e+03\n",
      "    2.03359610e+03   9.41736225e+04   3.54172035e+04   2.55342247e+04\n",
      "    2.25995177e+03   5.22914746e+05   1.21917986e+05   9.96726512e+04\n",
      "    3.03683543e+03]\n",
      " [  4.16414400e+03   2.50321840e+04   1.18492347e+04   1.78502424e+04\n",
      "    5.53484360e+03   1.51615698e+05   3.41547555e+04   7.85015683e+04\n",
      "    7.69596276e+03   9.25023388e+05   9.96726512e+04   3.50063372e+05\n",
      "    1.09370571e+04]\n",
      " [  1.25393000e+02   7.56950000e+02   3.58732700e+02   5.49578600e+02\n",
      "    1.75389700e+02   4.59993938e+03   1.03818577e+03   2.44017338e+03\n",
      "    2.50884650e+02   2.81361164e+04   3.03683543e+03   1.09370571e+04\n",
      "    3.65185417e+02]]\n",
      "[part 1.4.2]\tk: 3\talpha: 10\ttrain mse: 0.40550\tvalid mse: 3.88509\n",
      "\n",
      "\n",
      "41\n",
      "[[  1.00000000e+02   5.47100000e+02   3.09400000e+02 ...,   2.04335133e+07\n",
      "    1.49615122e+08   1.89259200e+03]\n",
      " [  5.47100000e+02   3.03395000e+03   1.68675000e+03 ...,   1.09926257e+08\n",
      "    9.30395915e+08   1.16395636e+04]\n",
      " [  3.09400000e+02   1.68675000e+03   9.79720000e+02 ...,   7.64781941e+07\n",
      "    4.31242641e+08   5.65320148e+03]\n",
      " ..., \n",
      " [  2.04335133e+07   1.09926257e+08   7.64781941e+07 ...,   1.82582639e+13\n",
      "    8.18239872e+12   1.43059639e+08]\n",
      " [  1.49615122e+08   9.30395915e+08   4.31242641e+08 ...,   8.18239872e+12\n",
      "    7.86650550e+14   1.03067469e+10]\n",
      " [  1.89259200e+03   1.16395636e+04   5.65320148e+03 ...,   1.43059639e+08\n",
      "    1.03067469e+10   2.46191312e+05]]\n",
      "[part 1.4.2]\tk: 10\talpha: 0.01\ttrain mse: 24104.04453\tvalid mse: 3410710720.51219\n",
      "\n",
      "\n",
      "41\n",
      "[[  1.00000000e+02   5.47100000e+02   3.09400000e+02 ...,   2.04335133e+07\n",
      "    1.49615122e+08   1.89259200e+03]\n",
      " [  5.47100000e+02   3.03395000e+03   1.68675000e+03 ...,   1.09926257e+08\n",
      "    9.30395915e+08   1.16395636e+04]\n",
      " [  3.09400000e+02   1.68675000e+03   9.79720000e+02 ...,   7.64781941e+07\n",
      "    4.31242641e+08   5.65320148e+03]\n",
      " ..., \n",
      " [  2.04335133e+07   1.09926257e+08   7.64781941e+07 ...,   1.82582639e+13\n",
      "    8.18239872e+12   1.43059639e+08]\n",
      " [  1.49615122e+08   9.30395915e+08   4.31242641e+08 ...,   8.18239872e+12\n",
      "    7.86650550e+14   1.03067469e+10]\n",
      " [  1.89259200e+03   1.16395636e+04   5.65320148e+03 ...,   1.43059639e+08\n",
      "    1.03067469e+10   2.46191312e+05]]\n",
      "[part 1.4.2]\tk: 10\talpha: 0.1\ttrain mse: 108.98244\tvalid mse: 22960755.49908\n",
      "\n",
      "\n",
      "41\n",
      "[[  1.00000000e+02   5.47100000e+02   3.09400000e+02 ...,   2.04335133e+07\n",
      "    1.49615122e+08   1.89259200e+03]\n",
      " [  5.47100000e+02   3.03395000e+03   1.68675000e+03 ...,   1.09926257e+08\n",
      "    9.30395915e+08   1.16395636e+04]\n",
      " [  3.09400000e+02   1.68675000e+03   9.79720000e+02 ...,   7.64781941e+07\n",
      "    4.31242641e+08   5.65320148e+03]\n",
      " ..., \n",
      " [  2.04335133e+07   1.09926257e+08   7.64781941e+07 ...,   1.82582639e+13\n",
      "    8.18239872e+12   1.43059639e+08]\n",
      " [  1.49615122e+08   9.30395915e+08   4.31242641e+08 ...,   8.18239872e+12\n",
      "    7.86650550e+14   1.03067469e+10]\n",
      " [  1.89259200e+03   1.16395636e+04   5.65320148e+03 ...,   1.43059639e+08\n",
      "    1.03067469e+10   2.46191312e+05]]\n",
      "[part 1.4.2]\tk: 10\talpha: 1\ttrain mse: 0.65346\tvalid mse: 184641.33268\n",
      "\n",
      "\n",
      "41\n",
      "[[  1.00000000e+02   5.47100000e+02   3.09400000e+02 ...,   2.04335133e+07\n",
      "    1.49615122e+08   1.89259200e+03]\n",
      " [  5.47100000e+02   3.03395000e+03   1.68675000e+03 ...,   1.09926257e+08\n",
      "    9.30395915e+08   1.16395636e+04]\n",
      " [  3.09400000e+02   1.68675000e+03   9.79720000e+02 ...,   7.64781941e+07\n",
      "    4.31242641e+08   5.65320148e+03]\n",
      " ..., \n",
      " [  2.04335133e+07   1.09926257e+08   7.64781941e+07 ...,   1.82582639e+13\n",
      "    8.18239872e+12   1.43059639e+08]\n",
      " [  1.49615122e+08   9.30395915e+08   4.31242641e+08 ...,   8.18239872e+12\n",
      "    7.86650550e+14   1.03067469e+10]\n",
      " [  1.89259200e+03   1.16395636e+04   5.65320148e+03 ...,   1.43059639e+08\n",
      "    1.03067469e+10   2.46191312e+05]]\n",
      "[part 1.4.2]\tk: 10\talpha: 10\ttrain mse: 0.94796\tvalid mse: 5572.16185\n"
     ]
    }
   ],
   "source": [
    "from itertools import product\n",
    "\n",
    "best_mse, best_k, best_alpha = 1e10, -1, -1\n",
    "for k, alpha in product([1, 3, 10], [0.01, 0.1, 1, 10]):\n",
    "    train_features_extended = polynomial_features(train_features, k)\n",
    "    model = LinearRegressionWithL2Loss(nb_features=k, alpha=alpha)\n",
    "    model.train(train_features_extended, train_values)\n",
    "    train_mse = mean_squared_error(train_values, model.predict(train_features_extended))\n",
    "\n",
    "    valid_features_extended = polynomial_features(valid_features, k)\n",
    "    valid_mse = mean_squared_error(valid_values, model.predict(valid_features_extended))\n",
    "    print('[part 1.4.2]\\tk: {k:d}\\talpha: {alpha}\\t'.format(k=k, alpha=alpha) +\n",
    "          'train mse: {train_mse:.5f}\\tvalid mse: {valid_mse:.5f}'.format(\n",
    "              train_mse=train_mse, valid_mse=valid_mse))\n",
    "\n",
    "    if valid_mse < best_mse:\n",
    "        best_mse, best_k, best_alpha = valid_mse, k, alpha"
   ]
  },
  {
   "cell_type": "code",
   "execution_count": 19,
   "metadata": {},
   "outputs": [
    {
     "name": "stdout",
     "output_type": "stream",
     "text": [
      "\n",
      "\n",
      "5\n",
      "[[  130.     745.3    399.7    450.7    138.9 ]\n",
      " [  745.3   4353.01  2285.14  2734.08   858.01]\n",
      " [  399.7   2285.14  1253.69  1341.45   410.81]\n",
      " [  450.7   2734.08  1341.45  1935.63   636.25]\n",
      " [  138.9    858.01   410.81   636.25   217.23]]\n",
      "[part 1.4.2]\tbest_k: 1\tbest_alpha: 1.000000\ttest mse: 0.08778\n"
     ]
    }
   ],
   "source": [
    "combined_features_extended = polynomial_features(train_features + test_features, best_k)\n",
    "model = LinearRegressionWithL2Loss(nb_features=best_k, alpha=best_alpha)\n",
    "model.train(combined_features_extended, train_values + test_values)\n",
    "\n",
    "test_features_extended = polynomial_features(test_features, best_k)\n",
    "test_mse = mean_squared_error(test_values, model.predict(test_features_extended))\n",
    "print('[part 1.4.2]\\tbest_k: {best_k:d}\\tbest_alpha: {best_alpha:f}\\t'.format(\n",
    "    best_k=best_k, best_alpha=best_alpha) +\n",
    "      'test mse: {test_mse:.5f}'.format(test_mse=test_mse))"
   ]
  },
  {
   "cell_type": "markdown",
   "metadata": {},
   "source": [
    "## Problem 2: K-nearest neighbor (KNN) for binary classification"
   ]
  },
  {
   "cell_type": "markdown",
   "metadata": {},
   "source": [
    "#### Some notes\n",
    "\n",
    "In this task, we will use three distance functions: (we removed the vector symbol for simplicity)\n",
    "\n",
    "- Euclidean distance:  $$d(x, y) = \\sqrt{\\langle x - y, x - y \\rangle}$$\n",
    "- Inner product distance: $$d(x, y ) = \\langle x, y \\rangle$$\n",
    "- Gaussian kernel distance: \n",
    "    $$d(x, y ) = \\exp({−\\frac 12 \\sqrt{\\langle x - y, x - y \\rangle}}) $$\n",
    "\n",
    "\n",
    "F1-score is a important metric for binary classification, as sometimes the accuracy metric has the false positive (a good example is in MLAPP book 2.2.3.1 “Example: medical diagnosis”, Page 29)."
   ]
  },
  {
   "cell_type": "markdown",
   "metadata": {},
   "source": [
    "### Part 2.1 Distance Functions\n",
    "\n",
    "Implement the class in file *hw1_knn.py*\n",
    "    - KNN\n",
    "    \n",
    "and the functions in *utils.py*    \n",
    "    - f1_score\n",
    "    - euclidean_distance\n",
    "    - inner_product_distance\n",
    "    - gaussian_kernel_distance"
   ]
  },
  {
   "cell_type": "code",
   "execution_count": 9,
   "metadata": {},
   "outputs": [
    {
     "name": "stdout",
     "output_type": "stream",
     "text": [
      "The autoreload extension is already loaded. To reload it, use:\n",
      "  %reload_ext autoreload\n"
     ]
    }
   ],
   "source": [
    "# for auto-reloading external modules\n",
    "# see http://stackoverflow.com/questions/1907993/autoreload-of-modules-in-ipython\n",
    "%load_ext autoreload\n",
    "%autoreload 2\n",
    "\n",
    "from hw1_knn import KNN\n",
    "from utils import euclidean_distance, gaussian_kernel_distance, inner_product_distance\n",
    "from utils import f1_score\n",
    "\n",
    "distance_funcs = {\n",
    "    'euclidean': euclidean_distance,\n",
    "    'gaussian': gaussian_kernel_distance,\n",
    "    'inner_prod': inner_product_distance,\n",
    "}"
   ]
  },
  {
   "cell_type": "markdown",
   "metadata": {},
   "source": [
    "#### Data processing \n",
    "\n",
    "Do the following steps:\n",
    "\n",
    "- Load data (features and values) from function generate data cancer\n",
    "- Check that there are 569 data samples and each sample have a feature vector of length 30.\n",
    "- Split the whole data set into three parts:\n",
    "     - the train set contains first 400 samples (0th - 399th samples),\n",
    "     - the validation set contains the next 60 samples (400th - 459th samples),\n",
    "     - the test set contains the rest 109 samples (460th - 568th samples)."
   ]
  },
  {
   "cell_type": "code",
   "execution_count": 10,
   "metadata": {
    "collapsed": true
   },
   "outputs": [],
   "source": [
    "from data import generate_data_cancer\n",
    "features, labels = generate_data_cancer()\n",
    "\n",
    "train_features, train_labels = features[:400], labels[:400]\n",
    "valid_features, valid_labels = features[400:460], labels[400:460]\n",
    "test_features, test_labels = features[460:], labels[460:]\n",
    "\n",
    "assert len(train_features) == len(train_labels) == 400\n",
    "assert len(valid_features) == len(valid_labels) == 60\n",
    "assert len(test_features) == len(test_labels) == 109"
   ]
  },
  {
   "cell_type": "markdown",
   "metadata": {},
   "source": [
    "#### Model selection \n",
    "In kNN model, the parameter k is a hyper-parameter. In this task, we only search k among {1, 3, 10, 20, 50}."
   ]
  },
  {
   "cell_type": "code",
   "execution_count": 11,
   "metadata": {},
   "outputs": [
    {
     "name": "stdout",
     "output_type": "stream",
     "text": [
      "[part 2.1] euclidean\tk: 1\ttrain: 1.00000\tvalid: 0.96774\n",
      "[part 2.1] euclidean\tk: 3\ttrain: 0.95879\tvalid: 0.97872\n",
      "[part 2.1] euclidean\tk: 10\ttrain: 0.94989\tvalid: 0.97872\n",
      "[part 2.1] euclidean\tk: 20\ttrain: 0.94828\tvalid: 0.97872\n",
      "[part 2.1] euclidean\tk: 50\ttrain: 0.91949\tvalid: 0.96774\n",
      "\n",
      "[part 2.1] euclidean\tbest_k: 3\ttest f1 score: 0.95000\n",
      "\n",
      "[part 2.1] gaussian\tk: 1\ttrain: 0.00000\tvalid: 0.00000\n",
      "[part 2.1] gaussian\tk: 3\ttrain: 0.00000\tvalid: 0.00000\n",
